31.25311827445611
37.61111170662752
64.04109955729749
47.49197932232193
66.55514308036568
10.738079030283746
77.40671032860679
74.74393225169952
73.71576408325737
33.45193396019671
6.957689004685319
3.433841250157226
8.828847996263345
5.381733612474619
81.82845972056569
56.69741336214336
2.4769443636010013
35.926171439295224
2.515798238719296
2.7034108235117036
21.51138988929238
8.656439568465503
1.625268805300801
9.405638584517096
4.429044219858118
63.93252797711287
-0.3988088346402387
2.70056642641511
4.006774900582826
3.1734074586255225
13.551177685519354
4.040596667250561
9.563763875602904
1.4602896481231329
3.639507052254825
4.365225181378435
6.425112346169876
3.9895755633179335
3.366661624756139
6.3842961794359425
3.484905920851199
16.937942905075634
48.75256951218094
3.371460198027032
3.5262932615943905
4.556505607811246
56.70677091904334
4.486968042525992
58.31813653421639
65.62888440816222
6.695789640539439
5.892131842834499
13.802301902644802
